00000000000100000000000010010011
00000000001000000000101000010011
00000001010000000010000010100011
00000000001100000000101010010011
00000001010100000010000100100011
00000000010000000000101100010011
00000001011000000010000110100011
00000000010100000000101110010011
00000001011100000010001000100011
00000000011000000000110000010011
00000001100000000010001010100011
00000000111000000000110010010011
00000001100100000010001100100011
00000001111000000000110100010011
00000001101000000010001110100011
00000011111000000000110110010011
00000001101100000010010000100011
00000111111000000000111000010011
00000001110000000010010010100011
00001111111000000000111010010011
00000001110100000010010100100011
00011111111000000000111100010011
00000001111000000010010110100011
00000001010000000010011000100011
00000001010100000010011010100011
00000001010100000010011100100011
00000001010100000010011110100011
00000001010100000010100000100011
00000001010100000010100010100011
00000001011000000010100100100011
00000001011100000010100110100011
00000001100000000010101000100011
00000000011100000000101000010011
00000001010000000010101010100011
00000000100000000000101010010011
00000001010100000010101100100011
00000000100100000000101100010011
00000001011000000010101110100011
00000000101000000000101000010011
00000001010000000010110000100011
00000000000100000000101010010011
00000001010100000010110100100011
00000000010000000000101100010011
00000001011000000010110110100011
00000000101100000000101110010011
00000001011100000010111000100011
00000001101000000000110000010011
00000001100000000010111010100011
00000111100000000000110010010011
00000001100100000010111100100011
00001111100000000000110100010011
00000001101000000010111110100011
00111111011000000000110110010011
00000011101100000010000000100011
00000001111100000000111110010011
00000000101111111001111110010011
01111000001000000000111000010011
00000001111111100110111000110011
00000011110000000010000010100011
00000000000111100000111010010011
00000011110100000010000100100011
00000000110000000000111100010011
00000011111000000010010010100011
00000001101100000000111110010011
00000011111100000010010100100011
00000111100100000000101000010011
00000011010000000010010110100011
00011111011000000000101010010011
00000011010100000010011000100011
01111111011000000000101100010011
00000011011000000010011010100011
00000000001011100000101110010011
00000011011100000010011100100011
00000000000110111000110000010011
00000011100000000010011110100011
00000000001010111000110010010011
00000011100100000010100000100011
00000000001110111000110100010011
00000011101000000010100010100011
00000000010010111000110110010011
00000011101100000010100100100011
00000001110000000000111000010011
00000011110000000010110010100011
00001111100100000000111010010011
00000011110100000010110100100011
00111111011100000000111100010011
00000011111000000010110110100011
01111111111010110000111110010011
00000011111100000010111000100011
00000000010110111000101000010011
00000011010000000010111010100011
00000000000110100000101010010011
00000011010100000010111100100011
00000000001010100000101100010011
00000011011000000010111110100011
00000000001110100000101110010011
00000101011100000010000000100011
00000000010010100000110000010011
00000101100000000010000010100011
00000000010110100000110010010011
00000101100100000010000100100011
00000011101000000000110100010011
00000101101000000010010010100011
00011111011100000000110110010011
00000101101100000010010100100011
00000000000111111000111000010011
00000101110000000010010110100011
00000000011010100000111010010011
00000101110100000010011000100011
00000000011110100000111100010011
00000101111000000010011010100011
00000000100010100000111110010011
00000101111100000010011100100011
00000000100110100000101000010011
00000101010000000010011110100011
00000000000110100000101010010011
00000101010100000010100000100011
00000000001010100000101100010011
00000101011000000010100010100011
00000000001110100000101110010011
00000101011100000010100100100011
00000011101100000000110000010011
00000101100000000010110010100011
00111111100000000000110010010011
00000101100100000010110100100011
00000000010010100000110100010011
00000101101000000010110110100011
00000000010110100000110110010011
00000101101100000010111000100011
00000000011010100000111000010011
00000101110000000010111010100011
00000000011110100000111010010011
00000101110100000010111100100011
00000000100010100000111100010011
00000101111000000010111110100011
00000000100110100000111110010011
00000111111100000010000000100011
00000000101010100000101000010011
00000111010000000010000010100011
00000000000110100000101010010011
00000111010100000010000100100011
00000111101000000000101100010011
00000111011000000010010010100011
01111111011100000000101110010011
00000111011100000010010100100011
00000000001010100000110000010011
00000111100000000010010110100011
00000000001110100000110010010011
00000111100100000010011000100011
00000000010010100000110100010011
00000111101000000010011010100011
00000000010110100000110110010011
00000111101100000010011100100011
00000000011010100000111000010011
00000111110000000010011110100011
00000000011110100000111010010011
00000111110100000010100000100011
00000000100010100000111100010011
00000111111000000010100010100011
00000000100110100000111110010011
00000111111100000010100100100011
00000111101100000000101000010011
00000111010000000010110010100011
00000000000100000000111110010011
00000000101111111001111110010011
01111111011000000000101010010011
00000001111110101110101010110011
00000111010100000010110100100011
00000000100011000000101100010011
00000111011000000010110110100011
00000000000110110000101110010011
00000111011100000010111000100011
00000000001010110000110000010011
00000111100000000010111010100011
00000000001110110000110010010011
00000111100100000010111100100011
00000000010010110000110100010011
00000111101000000010111110100011
00000000010110110000110110010011
00001001101100000010000000100011
00000000011010110000111000010011
00001001110000000010000010100011
00000000011110110000111010010011
00001001110100000010000100100011
00001111101000000000111100010011
00001001111000000010010010100011
00000000000110101000111110010011
00001001111100000010010100100011
00000000100010110000101000010011
00001001010000000010010110100011
00000000000110100000101010010011
00001001010100000010011000100011
00000000001010100000101100010011
00001001011000000010011010100011
00000000001110100000101110010011
00001001011100000010011100100011
00000000010010100000110000010011
00001001100000000010011110100011
00000000010110100000110010010011
00001001100100000010100000100011
00000000011010100000110100010011
00001001101000000010100010100011
00000000011110100000110110010011
00001001101100000010100100100011
00011111100000000000111000010011
00001001110000000010110010100011
00000000111100000000111110010011
00000000101111111001111110010011
01111100000000000000111010010011
00000001111111101110111010110011
00001001110100000010110100100011
00000000100010100000111100010011
00001001111000000010110110100011
00000000100110100000111110010011
00001001111100000010111000100011
00000000101010100000101000010011
00001001010000000010111010100011
00000000000110100000101010010011
00001001010100000010111100100011
00000000001010100000101100010011
00001001011000000010111110100011
00000000001110100000101110010011
00001011011100000010000000100011
00000000010010100000110000010011
00001011100000000010000010100011
00000000010110100000110010010011
00001011100100000010000100100011
00011111100100000000110100010011
00001011101000000010010010100011
00000000011010100000110110010011
00001011101100000010010100100011
00000000011110100000111000010011
00001011110000000010010110100011
00000000100010100000111010010011
00001011110100000010011000100011
00000000100110100000111100010011
00001011111000000010011010100011
00000000101010100000111110010011
00001011111100000010011100100011
00000000101110100000101000010011
00001011010000000010011110100011
00000000000110100000101010010011
00001011010100000010100000100011
00000000001010100000101100010011
00001011011000000010100010100011
00000000001110100000101110010011
00001011011100000010100100100011
00011111101000000000110000010011
00001011100000000010110010100011
00000000010010100000110010010011
00001011100100000010110100100011
00000000010110100000110100010011
00001011101000000010110110100011
00000000011010100000110110010011
00001011101100000010111000100011
00000000011110100000111000010011
00001011110000000010111010100011
00000000100010100000111010010011
00001011110100000010111100100011
00000000100110100000111100010011
00001011111000000010111110100011
00000000101010100000111110010011
00001101111100000010000000100011
00000000101110100000101000010011
00001101010000000010000010100011
00000000000110100000101010010011
00001101010100000010000100100011
00111111100100000000101100010011
00001101011000000010010010100011
00000000001010100000101110010011
00001101011100000010010100100011
00000000001110100000110000010011
00001101100000000010010110100011
00000000010010100000110010010011
00001101100100000010011000100011
00000000010110100000110100010011
00001101101000000010011010100011
00000000011010100000110110010011
00001101101100000010011100100011
00000000011110100000111000010011
00001101110000000010011110100011
00000000100010100000111010010011
00001101110100000010100000100011
00000000100110100000111100010011
00001101111000000010100010100011
00000000101010100000111110010011
00001101111100000010100100100011
00111111101000000000101000010011
00001101010000000010110010100011
00000000101010101000101010010011
00001101010100000010110100100011
00000000000110101000101100010011
00001101011000000010110110100011
00000000001010101000101110010011
00001101011100000010111000100011
00000000001110101000110000010011
00001101100000000010111010100011
00000000010010101000110010010011
00001101100100000010111100100011
00000000010110101000110100010011
00001101101000000010111110100011
00000000011010101000110110010011
00001111101100000010000000100011
00000000011110101000111000010011
00001111110000000010000010100011
00000000100010101000111010010011
00001111110100000010000100100011
01111111100000000000111100010011
00001111111000000010010010100011
00000000100110101000111110010011
00001111111100000010010100100011
00000000101010101000101000010011
00001111010000000010010110100011
00000000000110100000101010010011
00001111010100000010011000100011
00000000001010100000101100010011
00001111011000000010011010100011
00000000001110100000101110010011
00001111011100000010011100100011
00000000010010100000110000010011
00001111100000000010011110100011
00000000010110100000110010010011
00001111100100000010100000100011
00000000011010100000110100010011
00001111101000000010100010100011
00000000011110100000110110010011
00001111101100000010100100100011
00000000100010100000111000010011
00001111110000000010110010100011
00000000100110100000111010010011
00001111110100000010110100100011
00000000101010100000111100010011
00001111111000000010110110100011
00000000101110100000111110010011
00001111111100000010111000100011
00000000110010100000101000010011
00001111010000000010111010100011
00000000000110100000101010010011
00001111010100000010111100100011
00000000001010100000101100010011
00001111011000000010111110100011
00000000001110100000101110010011
00010001011100000010000000100011
00000000010010100000110000010011
00010001100000000010000010100011
00000000010110100000110010010011
00010001100100000010000100100011
01111111100100000000110100010011
00010001101000000010010000100011
00000000011010100000110110010011
00010001101100000010010010100011
00000000011110100000111000010011
00010001110000000010010100100011
00000000100010100000111010010011
00010001110100000010010110100011
00000000100110100000111100010011
00010001111000000010011000100011
00000000101010100000111110010011
00010001111100000010011010100011
00000000101110100000101000010011
00010001010000000010011100100011
00000000000110100000101010010011
00010001010100000010011110100011
00000000001010100000101100010011
00010001011000000010100000100011
00000000001110100000101110010011
00010001011100000010100010100011
00000000010010100000110000010011
00010001100000000010100100100011
00000000010000000000101000010011
00010001010000000010100110100011
00000000001000000000101010010011
00010001010100000010101000100011
00010001010100000010101010100011
00000000001100000000101100010011
00010001011000000010101100100011
00010001010000000010101110100011
00000000010100000000101110010011
00010001011100000010110000100011
00000000011100000000110000010011
00010001100000000010110010100011
00000000100000000000110010010011
00010001100100000010110100100011
00000000101000000000110100010011
00010001101000000010110110100011
00000001000000000000110110010011
00010001101100000010111000100011
00010001101100000010111010100011
00010011010000000010001000100011
00010011011100000010001010100011
00010011100000000010001100100011
00000000100100000000111000010011
00010011110000000010001110100011
00000000101100000000111010010011
00010011110100000010010000100011
00010011101100000010010010100011
00010011101100000010010100100011
00010011101100000010010110100011
00010011101100000010011000100011
00010011101100000010011010100011
00010011011100000010101000100011
00010011100100000010101010100011
00010011101000000010101100100011
00000000110000000000111100010011
00010011111000000010101110100011
00010011101100000010110000100011
00010011101100000010110010100011
00010011101100000010110100100011
00010011101100000010110110100011
00010011101100000010111000100011
00010011101100000010111010100011
00000000011000000000111110010011
00010101111100000010001000100011
00010101110000000010001010100011
00010101111000000010001100100011
00010101101100000010001110100011
00010101101100000010010000100011
00010101101100000010010010100011
00010101101100000010010100100011
00010101101100000010010110100011
00010101101100000010011000100011
00010101101100000010011010100011
00010101111100000010101000100011
00010101101000000010101010100011
00010101101100000010101100100011
00010101101100000010101110100011
00010101101100000010110000100011
00010101101100000010110010100011
00010101101100000010110100100011
00010101101100000010110110100011
00010101101100000010111000100011
00010101101100000010111010100011
00010111100000000010001000100011
00010111110100000010001010100011
00010111101100000010001100100011
00010111101100000010001110100011
00010111101100000010010000100011
00010111101100000010010010100011
00010111101100000010010100100011
00010111101100000010010110100011
00010111101100000010011000100011
00010111101100000010011010100011
00010111100000000010101000100011
00010111111000000010101010100011
00010111101100000010101100100011
00010111101100000010101110100011
00010111101100000010110000100011
00010111101100000010110010100011
00010111101100000010110100100011
00010111101100000010110110100011
00010111101100000010111000100011
00010111101100000010111010100011
00011001100100000010001000100011
00011001111000000010001010100011
00011001101100000010001100100011
00011001101100000010001110100011
00011001101100000010010000100011
00011001101100000010010010100011
00011001101100000010010100100011
00011001101100000010010110100011
00011001101100000010011000100011
00011001101100000010011010100011
00011001110000000010101000100011
00000000111100000000101000010011
00011001010000000010101010100011
00011001101100000010101100100011
00011001101100000010101110100011
00011001101100000010110000100011
00011001101100000010110010100011
00011001101100000010110100100011
00011001101100000010110110100011
00011001101100000010111000100011
00011001101100000010111010100011
00011011110000000010001000100011
00011011101100000010001010100011
00011011101100000010001100100011
00011011101100000010001110100011
00011011101100000010010000100011
00011011101100000010010010100011
00011011101100000010010100100011
00011011101100000010010110100011
00011011101100000010011000100011
00011011101100000010011010100011
00011011110000000010101000100011
00011011101100000010101010100011
00011011101100000010101100100011
00011011101100000010101110100011
00011011101100000010110000100011
00011011101100000010110010100011
00011011101100000010110100100011
00011011101100000010110110100011
00011011101100000010111000100011
00011011101100000010111010100011
00011101101000000010001000100011
00011101101100000010001010100011
00011101101100000010001100100011
00011101101100000010001110100011
00011101101100000010010000100011
00011101101100000010010010100011
00011101101100000010010100100011
00011101101100000010010110100011
00011101101100000010011000100011
00011101101100000010011010100011
00011101101000000010101000100011
00011101101100000010101010100011
00011101101100000010101100100011
00011101101100000010101110100011
00011101101100000010110000100011
00011101101100000010110010100011
00011101101100000010110100100011
00011101101100000010110110100011
00011101101100000010111000100011
00011101101100000010111010100011
00011111110100000010001000100011
00011110010100000000000010010011
00011110110100000000000100010011
00000001101100001010000000100011
00000000000100001000000010010011
11111110001000001100111011100011
00011111010000000000000010010011
00011111110100000000000100010011
00000001101100001010000000100011
00000000000100001000000010010011
11111110001000001100111011100011
00100001110100000010000110100011
00100000010000000000000010010011
00100000110100000000000100010011
00000001101100001010000000100011
00000000000100001000000010010011
11111110001000001100111011100011
00000000000100000000101000010011
00100001010000000010011110100011
00100001010100000010100000100011
00100001111100000010100010100011
00000000111000000000101010010011
00100001010100000010100100100011
00000001111000000000101100010011
00100001011000000010100110100011
00000011111000000000101110010011
00100001011100000010101000100011
00000111111000000000110000010011
00100001100000000010101010100011
00001111111000000000110010010011
00100001100100000010101100100011
00011111111000000000110100010011
00100001101000000010101110100011
00111111111000000000110110010011
00100001101100000010110000100011
01111111111000000000111000010011
00100001110000000010110010100011
00000000001000000000101000010011
00100001010000000010110100100011
00100001010000000010110110100011
00100001010000000010111000100011
00000000001100000000101010010011
00100001010100000010111010100011
00000000010000000000101100010011
00100001011000000010111100100011
00000000010100000000101110010011
00100001011100000010111110100011
00100011111100000010000000100011
00000000011100000000110000010011
00100011100000000010000010100011
00000000100000000000110010010011
00100011100100000010000100100011
00000000100100000000110100010011
00100011101000000010000110100011
00000000101000000000110110010011
00100011101100000010001000100011
00100011110100000010001010100011
00000000000100000000101000010011
00100011010000000010001110100011
00100011011000000010010000100011
00100011101100000010010010100011
00000001100000000000101010010011
00100011010100000010010100100011
00000001100100000000101100010011
00100011011000000010010110100011
00000011100000000000101110010011
00100011011100000010011000100011
00000111100000000000110000010011
00100011100000000010011010100011
00011111010000000000110010010011
00100011100100000010011100100011
00111111011000000000110100010011
00100011101000000010011110100011
01111111011011100000110110010011
00100011101100000010100000100011
00100011110100000010101110100011
00000011100100000000111000010011
00100011110000000010110000100011
00001111011000000000111010010011
00100011110100000010110010100011
00011111010100000000111100010011
00100011111000000010110100100011
01111111011000000000111110010011
00100011111100000010110110100011
00000000000111011000101000010011
00100011010000000010111000100011
00000001111100000000111110010011
00000000101111111001111110010011
01111000100000000000101010010011
00000001111110101110101010110011
00100011010100000010111010100011
00000000000110101000101100010011
00100011011000000010111100100011
00000000001010101000101110010011
00100011011100000010111110100011
00000000001110101000110000010011
00100101100000000010000000100011
00000001101000000000110010010011
00100101100100000010001110100011
00001111011100000000110100010011
00100101101000000010010000100011
00111111011100000000110110010011
00100101101100000010010010100011
00000000000110100000111000010011
00100101110000000010010100100011
00000000111100000000111110010011
00000000101111111001111110010011
01111100001000000000111010010011
00000001111111101110111010110011
00100101110100000010010110100011
00000000010010101000111100010011
00100101111000000010011000100011
00000000010110101000111110010011
00100101111100000010011010100011
00000000011010101000101000010011
00100101010000000010011100100011
00000000000110100000101010010011
00100101010100000010011110100011
00000000001010100000101100010011
00100101011000000010100000100011
00000001101100000000101110010011
00100101011100000010101110100011
00001111100000000000110000010011
00100101100000000010110000100011
00111111100000000000110010010011
00100101100100000010110010100011
00000000000111100000110100010011
00100101101000000010110100100011
00000000001110100000110110010011
00100101101100000010110110100011
00000000010010100000111000010011
00100101110000000010111000100011
00000000010110100000111010010011
00100101110100000010111010100011
00000000011010100000111100010011
00100101111000000010111100100011
00000000011110100000111110010011
00100101111100000010111110100011
00000000100010100000101000010011
00100111010000000010000000100011
00000011101000000000101010010011
00100111010100000010001110100011
00011111011000000000101100010011
00100111011000000010010000100011
00000000000110100000101110010011
00100111011100000010010010100011
00000000001010100000110000010011
00100111100000000010010100100011
00000000001110100000110010010011
00100111100100000010010110100011
00000000010010100000110100010011
00100111101000000010011000100011
00000000010110100000110110010011
00100111101100000010011010100011
00000000011010100000111000010011
00100111110000000010011100100011
00000000011110100000111010010011
00100111110100000010011110100011
00000000100010100000111100010011
00100111111000000010100000100011
00000011101100000000111110010011
00100111111100000010101110100011
00111111100100000000101000010011
00100111010000000010110000100011
00000000100010111000101010010011
00100111010100000010110010100011
00000000000110101000101100010011
00100111011000000010110100100011
00000000001010101000101110010011
00100111011100000010110110100011
00000000001110101000110000010011
00100111100000000010111000100011
00000000010010101000110010010011
00100111100100000010111010100011
00000000010110101000110100010011
00100111101000000010111100100011
00000000011010101000110110010011
00100111101100000010111110100011
00000000011110101000111000010011
00101001110000000010000000100011
00000111100100000000111010010011
00101001110100000010001110100011
01111111011100000000111100010011
00101001111000000010010000100011
00000000100010101000111110010011
00101001111100000010010010100011
00000000100110101000101000010011
00101001010000000010010100100011
00000000000110100000101010010011
00101001010100000010010110100011
00000000001010100000101100010011
00101001011000000010011000100011
00000000001110100000101110010011
00101001011100000010011010100011
00000000010010100000110000010011
00101001100000000010011100100011
00000000010110100000110010010011
00101001100100000010011110100011
00000000011010100000110100010011
00101001101000000010100000100011
00000111101000000000110110010011
00101001101100000010101110100011
01111111100000000000111000010011
00101001110000000010110000100011
00000000011110100000111010010011
00101001110100000010110010100011
00000000100010100000111100010011
00101001111000000010110100100011
00000000100110100000111110010011
00101001111100000010110110100011
00000000101010100000101000010011
00101001010000000010111000100011
00000000000110100000101010010011
00101001010100000010111010100011
00000000001010100000101100010011
00101001011000000010111100100011
00000000001110100000101110010011
00101001011100000010111110100011
00000000010010100000110000010011
00101011100000000010000000100011
00001111100100000000110010010011
00101011100100000010001110100011
00000000010110100000110100010011
00101011101000000010010000100011
00000000011010100000110110010011
00101011101100000010010010100011
00000000011110100000111000010011
00101011110000000010010100100011
00000000100010100000111010010011
00101011110100000010010110100011
00000000100110100000111100010011
00101011111000000010011000100011
00000000101010100000111110010011
00101011111100000010011010100011
00000000101110100000101000010011
00101011010000000010011100100011
00000000000110100000101010010011
00101011010100000010011110100011
00000000001010100000101100010011
00101011011000000010100000100011
00011111011100000000101110010011
00101011011100000010101110100011
00000000001110100000110000010011
00101011100000000010110000100011
00000000010010100000110010010011
00101011100100000010110010100011
00000000010110100000110100010011
00101011101000000010110100100011
00000000011010100000110110010011
00101011101100000010110110100011
00000000011110100000111000010011
00101011110000000010111000100011
00000000100010100000111010010011
00101011110100000010111010100011
00000000100110100000111100010011
00101011111000000010111100100011
00000000101010100000111110010011
00101011111100000010111110100011
00000000101110100000101000010011
00101101010000000010000000100011
00011111100000000000101010010011
00101101010100000010001110100011
00000000000110100000101100010011
00101101011000000010010000100011
00000000001010100000101110010011
00101101011100000010010010100011
00000000001110100000110000010011
00101101100000000010010100100011
00000000010010100000110010010011
00101101100100000010010110100011
00000000010110100000110100010011
00101101101000000010011000100011
00000000011010100000110110010011
00101101101100000010011010100011
00000000011110100000111000010011
00101101110000000010011100100011
00000000100010100000111010010011
00101101110100000010011110100011
00000000100110100000111100010011
00101101111000000010100000100011
00011111100100000000111110010011
00101101111100000010101110100011
00000000101010100000101000010011
00101101010000000010110000100011
00000000000110100000101010010011
00101101010100000010110010100011
00000000001010100000101100010011
00101101011000000010110100100011
00000000001110100000101110010011
00101101011100000010110110100011
00000000010010100000110000010011
00101101100000000010111000100011
00000000010110100000110010010011
00101101100100000010111010100011
00000000011010100000110100010011
00101101101000000010111100100011
00000000011110100000110110010011
00101101101100000010111110100011
00000000100010100000111000010011
00101111110000000010000000100011
00011111101000000000111010010011
00101111110100000010001110100011
00000000100110100000111100010011
00101111111000000010010000100011
00000000101010100000111110010011
00101111111100000010010010100011
00000000101110100000101000010011
00101111010000000010010100100011
00000000000110100000101010010011
00101111010100000010010110100011
00000000001010100000101100010011
00101111011000000010011000100011
00000000001110100000101110010011
00101111011100000010011010100011
00000000010010100000110000010011
00101111100000000010011100100011
00000000010110100000110010010011
00101111100100000010011110100011
00000000011010100000110100010011
00101111101000000010100000100011
01111111100100000000110110010011
00101111101100000010101110100011
00000000011110100000111000010011
00101111110000000010110000100011
00000000100010100000111010010011
00101111110100000010110010100011
00000000100110100000111100010011
00101111111000000010110100100011
00000000101010100000111110010011
00101111111100000010110110100011
00000000101110100000101000010011
00101111010000000010111000100011
00000000000110100000101010010011
00101111010100000010111010100011
00000000001010100000101100010011
00101111011000000010111100100011
00000000001110100000101110010011
00101111011100000010111110100011
00000000010010100000110000010011
00110001100000000010000000100011
00000000011100000000111110010011
00000000101111111001111110010011
01111110000000000000110010010011
00000001111111001110110010110011
00110001100100000010001110100011
00000000010110100000110100010011
00110001101000000010010000100011
00000000011010100000110110010011
00110001101100000010010010100011
00000000011110100000111000010011
00110001110000000010010100100011
00000000100010100000111010010011
00110001110100000010010110100011
00000000100110100000111100010011
00110001111000000010011000100011
00000000101010100000111110010011
00110001111100000010011010100011
00000000101110100000101000010011
00110001010000000010011100100011
00000000000110100000101010010011
00110001010100000010011110100011
00000000001010100000101100010011
00110001011000000010100000100011
00111111101000000000101110010011
00110001011100000010101100100011
00000000111100000000111110010011
00000000101111111001111110010011
01111100001100000000110000010011
00000001111111000110110000110011
00110001100000000010101110100011
00000000001110100000110010010011
00110001100100000010110000100011
00000000010010100000110100010011
00110001101000000010110010100011
00000000010110100000110110010011
00110001101100000010110100100011
00000000011010100000111000010011
00110001110000000010110110100011
00000000011110100000111010010011
00110001110100000010111000100011
00000000100010100000111100010011
00110001111000000010111010100011
00000000100110100000111110010011
00110001111100000010111100100011
00000000101010100000101000010011
00110001010000000010111110100011
00000000000110100000101010010011
00110011010100000010000000100011
00000000001000000000101000010011
00110011010000000010000010100011
00110011010000000010000100100011
00000000001100000000101010010011
00110011010100000010000110100011
00000000010000000000101100010011
00110011011000000010001000100011
00000000010100000000101110010011
00110011011100000010001010100011
00110011011100000010001100100011
00000000011000000000110000010011
00110011100000000010001110100011
00000000011100000000110010010011
00110011100100000010010000100011
00000000100100000000110100010011
00110011101000000010010010100011
00000000101000000000110110010011
00110011101100000010010100100011
00000000110000000000111000010011
00110011110000000010010110100011
00110011011000000010100100100011
00110011100000000010100110100011
00000000100000000000111010010011
00110011110100000010101000100011
00110011101000000010101010100011
00000000101100000000111100010011
00110011111000000010101100100011
00110011110000000010101110100011
00000001000000000000111110010011
00110011111100000010110000100011
00110011111100000010110010100011
00110011111100000010110100100011
00110011111100000010110110100011
00110101011100000010000100100011
00110101110100000010000110100011
00110101101100000010001000100011
00110101110000000010001010100011
00000000111100000000101000010011
00110101010000000010001100100011
00110101111100000010001110100011
00110101111100000010010000100011
00110101111100000010010010100011
00110101111100000010010100100011
00110101111100000010010110100011
00110101011100000010100100100011
00110101110100000010100110100011
00110101101100000010101000100011
00110101110000000010101010100011
00110101111100000010101100100011
00110101111100000010101110100011
00110101111100000010110000100011
00110101111100000010110010100011
00110101111100000010110100100011
00110101111100000010110110100011
00110111100000000010000100100011
00110111101000000010000110100011
00110111111100000010001000100011
00110111111100000010001010100011
00110111111100000010001100100011
00110111111100000010001110100011
00110111111100000010010000100011
00110111111100000010010010100011
00110111111100000010010100100011
00110111111100000010010110100011
00110111100000000010100100100011
00110111101100000010100110100011
00110111111100000010101000100011
00110111111100000010101010100011
00110111111100000010101100100011
00110111111100000010101110100011
00110111111100000010110000100011
00110111111100000010110010100011
00110111111100000010110100100011
00110111111100000010110110100011
00111001100100000010000100100011
00111001111000000010000110100011
00111001111100000010001000100011
00111001111100000010001010100011
00111001111100000010001100100011
00111001111100000010001110100011
00111001111100000010010000100011
00111001111100000010010010100011
00111001111100000010010100100011
00111001111100000010010110100011
00111001100100000010100100100011
00111001111000000010100110100011
00111001111100000010101000100011
00111001111100000010101010100011
00111001111100000010101100100011
00111001111100000010101110100011
00111001111100000010110000100011
00111001111100000010110010100011
00111001111100000010110100100011
00111001111100000010110110100011
00111011110100000010000100100011
00111011111100000010000110100011
00111011111100000010001000100011
00111011111100000010001010100011
00111011111100000010001100100011
00111011111100000010001110100011
00111011111100000010010000100011
00111011111100000010010010100011
00111011111100000010010100100011
00111011111100000010010110100011
00111011101000000010100100100011
00111011111100000010100110100011
00111011111100000010101000100011
00111011111100000010101010100011
00111011111100000010101100100011
00111011111100000010101110100011
00111011111100000010110000100011
00111011111100000010110010100011
00111011111100000010110100100011
00111011111100000010110110100011
00111101101000000010000100100011
00111101111100000010000110100011
00111101111100000010001000100011
00111101111100000010001010100011
00111101111100000010001100100011
00111101111100000010001110100011
00111101111100000010010000100011
00111101111100000010010010100011
00111101111100000010010100100011
00111101111100000010010110100011
00111101101000000010100100100011
00111101111100000010100110100011
00111101111100000010101000100011
00111101111100000010101010100011
00111101111100000010101100100011
00111101111100000010101110100011
00111101111100000010110000100011
00111101111100000010110010100011
00111101111100000010110100100011
00111101111100000010110110100011
00111111101000000010000100100011
00111111111100000010000110100011
00111111111100000010001000100011
00111111111100000010001010100011
00111111111100000010001100100011
00111111111100000010001110100011
00111111111100000010010000100011
00111111111100000010010010100011
00111111111100000010010100100011
00111111111100000010010110100011
00111111111000000010100100100011
00111111111100000010100110100011
00111111111100000010101000100011
00111111111100000010101010100011
00111111111100000010101100100011
00111111111100000010101110100011
00111111111100000010110000100011
00111111111100000010110010100011
00111111111100000010110100100011
00111111111100000010110110100011
00000000111000000000101010010011
01000001010100000010000100100011
01000001111100000010000110100011
01000001111100000010001000100011
01000001111100000010001010100011
01000001111100000010001100100011
01000001111100000010001110100011
01000001111100000010010000100011
01000001111100000010010010100011
01000001111100000010010100100011
01000001111100000010010110100011
01000001101100000010100010100011
01000001010000000010100100100011
01000001111100000010100110100011
01000001111100000010101000100011
01000001111100000010101010100011
01000001111100000010101100100011
01000001111100000010101110100011
01000001111100000010110000100011
01000001111100000010110010100011
01000001111100000010110100100011
01000001111100000010110110100011
